wl ap_star_avg ap_star_sd
400 NA NA
401 NA NA
402 0.0105354806799608 0.00131269677304005
403 0.0107098828574732 0.00133394807223567
404 0.0108922879170643 0.00135616452213455
405 0.0110790465651399 0.00137991155622066
406 0.0112733149181677 0.0014046290822293
407 0.0114786863273046 0.00143080235894807
408 0.0116840017940049 0.00145802632971286
409 0.0118729749949247 0.00148541123269309
410 0.0120492552236578 0.00151239163762329
411 0.0122038022506918 0.00153901764790042
412 0.0123330227248697 0.00156480401455692
413 0.0124450558587607 0.00158915972102629
414 0.0125561879757086 0.00161297453045706
415 0.012654280475907 0.00163529383151194
416 0.0127483735888682 0.00165606752427506
417 0.0128380794023349 0.00167528069804311
418 0.0129152587037377 0.00169352437292359
419 0.012977658463096 0.00171469708590363
420 0.0130374172802162 0.00173975411426797
421 0.0130976064587809 0.00176814620406883
422 0.0131586139110474 0.0017999267742305
423 0.0132170409703491 0.0018245225394648
424 0.0132751406666667 0.0018380677650893
425 0.013332913 0.00184426490478737
426 0.0133872866666667 0.00184366320865904
427 0.0134244173692611 0.0018402618214398
428 0.0134477037744501 0.00184480643969552
429 0.0134601555094767 0.0018554089541442
430 0.0134617725743411 0.00186836624922672
431 0.0134400328822554 0.00188309863073263
432 0.0134087807306251 0.0018955684528413
433 0.0133768378149058 0.00190561909490997
434 0.013341194507854 0.00191510586998674
435 0.0132951706270201 0.0019230290455783
436 0.0132512882591919 0.00192996832367561
437 0.0132271318011153 0.0019361005176693
438 0.0132138795573349 0.00194140983300253
439 0.0131584252308117 0.00194213352946577
440 0.0130674490039955 0.00193927135569418
441 0.0129248899556215 0.00193116595110498
442 0.0127131636889437 0.00191764052341485
443 0.012445618813138 0.00189924382078421
444 0.0121753616252436 0.00187973859832054
445 0.0119084986205522 0.00185877268890522
446 0.0116610907203287 0.00183800345660714
447 0.0114680277068325 0.00181985454909416
448 0.0113159609708876 0.00180377721864863
449 0.0111842654264334 0.00178847377295515
450 0.011066834578178 0.00177429635929651
451 0.0109576942955524 0.00176067494834887
452 0.010821954796297 0.00174518586087527
453 0.0106793026973586 0.00172952859698359
454 0.0105503630847978 0.00171500082676865
455 0.0104381364434131 0.00170208049947155
456 0.0103485969037734 0.00169133763356476
457 0.0103012327705485 0.00168408201259329
458 0.0102763574267919 0.00167861413972603
459 0.010254440074675 0.00167362609487391
460 0.0102324802293994 0.00166863992527955
461 0.0102042968096876 0.00166309084467208
462 0.0101504015108698 0.00165566906429688
463 0.010074263535154 0.00164646306979787
464 0.00999541368036851 0.00163678078124564
465 0.0099171709965725 0.00162671108240729
466 0.00984571656504349 0.00161681875913845
467 0.00978716439795917 0.00160766670250454
468 0.00973804529311166 0.00159916642353453
469 0.00967407036878731 0.00158906673483355
470 0.009591920574927 0.00157727875569845
471 0.00948907790700295 0.00156371545787386
472 0.00935942835283749 0.00154781395469298
473 0.00920938980731735 0.00153013871767895
474 0.00906325115215618 0.00151294093713388
475 0.00892713544306808 0.00149640344348588
476 0.00880356068458082 0.00148061326535013
477 0.00870389418418224 0.00146630986390468
478 0.00862171804698559 0.0014529287686485
479 0.00855129673435202 0.00144029260699367
480 0.00848650719056744 0.00142821854503682
481 0.00842725584315549 0.00141631459901771
482 0.00836217538462833 0.00140384130207529
483 0.00829942021217656 0.00139142754936503
484 0.00824472586443901 0.00137925071319247
485 0.00819768766964119 0.00136689090615867
486 0.00815839920025943 0.00135474011695976
487 0.00814028626508987 0.00134351223509649
488 0.00813519446694195 0.0013325783848929
489 0.0081286704950866 0.00132072868041124
490 0.00812111902129835 0.00130838301708404
491 0.00811121357548735 0.00129463941024868
492 0.00808552834885745 0.00127878398542309
493 0.00804584065744998 0.00126078391336879
494 0.00800660381199398 0.00124184909649466
495 0.00796948150925656 0.00122192117500023
496 0.00793580021932759 0.00120190215220889
497 0.00790632932470287 0.00118123785380276
498 0.0078792915093411 0.00115996112275599
499 0.00785066564611009 0.00113792239730436
500 0.00781878803824271 0.00111518005678732
501 0.00778108550976006 0.00109112769331568
502 0.00773678867816631 0.00106631949780941
503 0.00769029874064311 0.00104109338050891
504 0.00764563682432264 0.00101559892001116
505 0.00760348769087389 0.000989661134503195
506 0.00756642451627577 0.000963886448575127
507 0.00754158342554693 0.00093850282786665
508 0.00752456322150572 0.000913172379024508
509 0.00750353041877068 0.000887946319566121
510 0.0074778002556728 0.000862999630042821
511 0.00745246596748421 0.000838649376288412
512 0.00742039142918626 0.00081466759038582
513 0.00738702608610137 0.000791333404430549
514 0.00736420342361103 0.000768595597630223
515 0.00735046115819128 0.000746329901741235
516 0.00734070605457002 0.000724219241558157
517 0.00734342246280683 0.000702369638545049
518 0.0073531609375793 0.000680501948372951
519 0.00736123289868495 0.000658833520781099
520 0.00736910062964775 0.000637488621365695
521 0.00737291254765071 0.000616530679330446
522 0.00736418430263425 0.000595853662180401
523 0.00734724573498016 0.000575827850568103
524 0.00733078542489092 0.000556235879181903
525 0.0073136698262111 0.000537023503308366
526 0.00729975052175766 0.000518127278804161
527 0.00729650710829737 0.00049971252375
528 0.00729960974544843 0.000481408936325851
529 0.00730330786804984 0.000463500059809714
530 0.007308735022257 0.000446040126953912
531 0.0073082888841343 0.000428647487345184
532 0.00729448985691498 0.000411156815038309
533 0.00727283866192986 0.000393909725814902
534 0.00724908586433996 0.000376622668786799
535 0.00721978587686784 0.000359492549427126
536 0.00719254102344911 0.000342901009107655
537 0.0071760479935401 0.000326933440759039
538 0.00716480606580996 0.000311248218678167
539 0.00714812185329197 0.000295769003642987
540 0.00712944094326357 0.0002802988844415
541 0.00711304611702626 0.000265350534618992
542 0.00709024068512371 0.000250838554673309
543 0.00704992298613798 0.00023678286339634
544 0.0070027864070358 0.000223259793018538
545 0.00695590327103874 0.000210546304968748
546 0.00690499079684532 0.000198129720949059
547 0.0068492717044761 0.000186045047806639
548 0.00679984765534904 0.000174272360795904
549 0.00674952211053243 0.000162443367615247
550 0.00669122274680469 0.000150281103353047
551 0.00662357121377122 0.000137879844968599
552 0.00654734479141144 0.000125204583409048
553 0.00646319164420738 0.000112118977280683
554 0.00637830831109075 9.89913179402705e-05
555 0.00630460852896762 8.55169187439515e-05
556 0.00624347064823259 7.16015020384714e-05
557 0.00617142175879365 6.00416839242053e-05
558 0.00608781369616875 5.09738035541884e-05
559 0.00599833480352291 4.37041421420094e-05
560 0.00589107134395003 3.85373839428073e-05
561 0.00577516841221448 3.55724657887266e-05
562 0.00567409891840829 3.20127696369256e-05
563 0.00558752836880183 2.78929553238983e-05
564 0.00550976842023011 2.39067397499118e-05
565 0.00544497631199888 2.0781261928245e-05
566 0.00538400694934376 1.84175831686565e-05
567 0.00533036715649521 1.63760317863913e-05
568 0.00528439142718285 1.46219479601483e-05
569 0.00524189029065948 1.4926216007121e-05
570 0.00519870650761935 1.65616969812559e-05
571 0.00514395541955944 1.96076194221212e-05
572 0.00507413020224929 2.45036553609672e-05
573 0.00500400421598172 3.06543984028313e-05
574 0.00493776693150392 3.62889643713025e-05
575 0.00487230447178204 4.17606813409556e-05
576 0.00481850149531909 4.69903212968924e-05
577 0.00478387896811272 5.22442242054008e-05
578 0.00475366352987012 5.81177973342547e-05
579 0.00473087188368645 6.42443210213125e-05
580 0.00471861790659555 7.02704675745596e-05
581 0.00470884526245764 7.70554920170485e-05
582 0.00469403298527507 8.4333056524513e-05
583 0.0046720731478811 9.11946980974607e-05
584 0.00463994904718058 9.80071372800229e-05
585 0.00460139332560336 0.000105412797330123
586 0.00456446231928925 0.000112552425397976
587 0.00452276723363948 0.000118988124250699
588 0.00447841599582081 0.000125628358383253
589 0.00443934001916868 0.000132671035526714
590 0.00440180666125323 0.000139473734487484
591 0.00435230690075332 0.000145304554959905
592 0.0042972295322677 0.00015060139375103
593 0.00424716359601119 0.000155336675915113
594 0.00419417767864834 0.000159312493778935
595 0.00413521221301018 0.000161842231287774
596 0.00408377622041786 0.000163657786233272
597 0.00404659266701548 0.000164156042601489
598 0.00401307251258824 0.000163364573359531
599 0.00399186502879362 0.000161451206948156
600 0.0039860297828006 0.000159102557511286
601 0.0040003938245905 0.000156837597421762
602 0.00402823418801921 0.000155259440732024
603 0.00406493598842762 0.000153816018411948
604 0.00410184995415825 0.000152339501565867
605 0.00414964876080578 0.00015079324980543
606 0.00420350535838889 0.000148658292042761
607 0.00426239785447117 0.000146015614210677
608 0.00433094113371173 0.000143417285920555
609 0.00441278515856613 0.000141515231377617
610 0.00449725725343966 0.000140346090431227
611 0.00457822993607193 0.000139488814579986
612 0.00465672509889936 0.0001388624180707
613 0.00474103980376728 0.000138660743697276
614 0.00482752408822015 0.000138231866926577
615 0.0049015008528596 0.000138025498807573
616 0.00496909757994604 0.000138462686411913
617 0.00504005876771185 0.000139595249817732
618 0.00510608735431169 0.00014122934524504
619 0.00515200656270036 0.00014386042474096
620 0.00519249349227622 0.000147038777775403
621 0.00522920320540954 0.000150589480836627
622 0.00525239120386793 0.000154460713896379
623 0.00526195286901918 0.000158656301352672
624 0.0052730649779085 0.00016268079123058
625 0.00528741987451098 0.000166363956620006
626 0.00530336249645636 0.000169880721187768
627 0.00532850044483735 0.000173496558367748
628 0.00536293833828615 0.00017720764396415
629 0.00540649413347326 0.000181028471210944
630 0.00545747548642359 0.000185129266554857
631 0.00550435166113877 0.000189608040963798
632 0.00553951505652608 0.000194199321490683
633 0.00556286498824099 0.000198900227091922
634 0.005574583499613 0.000203696265043621
635 0.00557270020013122 0.000208753028570787
636 0.00556874582579402 0.000213972508035345
637 0.00556263342580006 0.00021934332110848
638 0.00555446368449387 0.000224868350231498
639 0.00554045722450301 0.000230851674425059
640 0.00552258443633837 0.000237127703553684
641 0.00549900335990065 0.000243810286370304
642 0.00546980094599118 0.000250910808877996
643 0.00543859452137945 0.000258095929426203
644 0.00540916346343793 0.000265061570760988
645 0.00538504377177561 0.000271508002577485
646 0.0053680774064918 0.000277321375841956
647 0.00537018709405264 0.000282437566541977
648 0.00538775550768862 0.00028718991480823
649 0.00542070035479371 0.000291584011011057
650 0.0054654856357589 0.000295919582236326
651 0.00553903821811415 0.000300620391059302
652 0.00562943537539334 0.000305750557015602
653 0.00575218916012072 0.000311840166108094
654 0.00590738186490231 0.000318883625627844
655 0.00611560020852627 0.000327882103395615
656 0.00635991732346263 0.000338411835976468
657 0.0066468574205423 0.000351707855596101
658 0.00696090844724104 0.000367240076276793
659 0.00731289557170586 0.000386768810358074
660 0.00768223207514861 0.000409292891830934
661 0.00806683150707613 0.000435802925983375
662 0.00846016965665752 0.000465063885375383
663 0.00887134399843138 0.000498045158567514
664 0.00928952936425068 0.000532986438434381
665 0.00969846632186786 0.000569344417270236
666 0.0101002413217761 0.000606128495703856
667 0.0104794561942543 0.000642722517150826
668 0.010827013464764 0.00067815709991198
669 0.0111184170475841 0.000710031939704161
670 0.0113699263749622 0.000738890345667774
671 0.0115568953911283 0.000763154765339167
672 0.0116947222658033 0.00078344135390477
673 0.0117675876038292 0.000797621906643218
674 0.0117883047803198 0.000807276311797001
675 0.0117393131820677 0.000809629659295721
676 0.0116452588648427 0.000806259495519034
677 0.0114895286261247 0.000795098086260853
678 0.0112879418610719 0.000778273631122715
679 0.0110344617257751 0.00075378294124162
680 0.0107466488334418 0.000724400932542183
681 0.0103985329244556 0.000687764161066976
682 0.0100067272013369 0.00064594037380225
683 0.0095743095557492 0.000598528715433306
684 0.00911899954220877 0.00054835281157593
685 0.00862984312651802 0.00049512691136638
686 0.00813281056829331 0.00044121448871966
687 0.00764315703988077 0.000387715843250729
688 0.00715780464961676 0.000335031861890555
689 0.00668386945334549 0.000285044579210282
690 0.00623230548526456 0.000238039759575907
691 0.00581665053451159 0.000195409539383799
692 0.00542164942874045 0.000156053619091484
693 0.00506638142873195 0.000120814474374933
694 0.00451365803809086 8.78100529387259e-05
695 0.00409066651825089 5.75268260548986e-05
696 0.00368956261931181 3.9049553024625e-05
697 0.00331185322585244 2.95328557323153e-05
698 0.00295857555082006 2.8134228267682e-05
699 0.00263032633351126 NA
700 0.00232729795734538 NA
701 0.00204931977225708 NA
702 0.00179590292845561 NA
703 0.00156628710873485 NA
704 0.00135948767562395 NA
705 0.00117434191654852 NA
706 0.00100955326353817 NA
707 0.000863732572789135 NA
708 0.00073543576321728 NA
709 0.000623197322801386 NA
710 0.000525559389238535 NA
711 0.000441096291046742 NA
712 0.00036843459227534 NA
713 0.000306268815597498 NA
714 0.000253373123482611 NA
715 0.000208609315468513 NA
716 0.000170931552511114 NA
717 0.000139388249121438 NA
718 0.00011312158329619 NA
719 9.13650663036783e-05 NA
720 7.34395925813564e-05 NA
721 5.87483577038992e-05 NA
722 4.67709927935652e-05 NA
723 3.7057219781564e-05 NA
724 2.92202861334241e-05 NA
725 2.29303921473418e-05 NA
726 1.79082804106493e-05 NA
727 1.39191167170404e-05 NA
728 1.07667555684433e-05 NA
729 8.28845181722115e-06 NA
730 6.35005324975332e-06 NA
731 4.84168692708687e-06 NA
732 3.67393464697118e-06 NA
733 2.77447960160014e-06 NA
734 2.08519671528201e-06 NA
735 1.55965274739221e-06 NA
736 1.16097851698697e-06 NA
737 8.60074039203987e-07 NA
738 6.3410748682074e-07 NA
739 4.65270277021855e-07 NA
740 3.39752862272709e-07 NA
741 2.46908661722029e-07 NA
742 1.7857674943614e-07 NA
743 1.2853721555765e-07 NA
744 9.20763825448983e-08 NA
745 6.56421800336528e-08 NA
746 4.65728837337282e-08 NA
747 3.28850608664487e-08 NA
748 2.31089150884595e-08 NA
749 1.61612835516444e-08 NA
750 1.1248316552095e-08 NA
751 7.79138376521283e-09 NA
752 5.3710234536838e-09 NA
753 3.6848082081046e-09 NA
754 2.51586952060752e-09 NA
755 1.70952999778672e-09 NA
756 1.1560609313478e-09 NA
757 7.78036747708682e-10 NA
758 5.21116568484937e-10 NA
759 3.47364185884004e-10 NA
760 2.30436135958585e-10 NA
761 1.52135832494045e-10 NA
762 9.99603649201287e-11 NA
763 6.53641378157011e-11 NA
764 4.25369775063598e-11 NA
765 2.75492071505845e-11 NA
766 1.77568926103381e-11 NA
767 1.13904325908760e-11 NA
768 7.27158114301953e-12 NA
769 4.61990321907303e-12 NA
770 2.92113943205178e-12 NA
771 1.83817596510348e-12 NA
772 1.15116417524869e-12 NA
773 7.17468493810232e-13 NA
774 4.45024365946757e-13 NA
775 2.74713582191216e-13 NA
776 1.68768682646499e-13 NA
777 1.03185571848489e-13 NA
778 6.27858064259431e-14 NA
779 3.80206348839244e-14 NA
780 2.29135636787986e-14 NA
781 1.37429921944051e-14 NA
782 8.20323866633761e-15 NA
783 4.87309391210566e-15 NA
784 2.88097574064561e-15 NA
785 1.69507847145384e-15 NA
786 9.9255687388886e-16 NA
787 5.78410783640528e-16 NA
788 3.35453824345361e-16 NA
789 1.93617451840871e-16 NA
790 1.11217118641487e-16 NA
791 6.35790691385998e-17 NA
792 3.61719629493174e-17 NA
793 2.04807273481268e-17 NA
794 1.15407507418777e-17 NA
795 6.4719944006204e-18 NA
796 3.61208191758952e-18 NA
797 2.0062841199614e-18 NA
798 1.10902839765899e-18 NA
799 6.10110198157022e-19 NA
800 3.3403293422115e-19 NA
