wl a_phy_star_GH2017 a_phy_star_Ciotti
400 0.021447645982012 0.0245970834329429
401 0.0216518465426515 0.0248312694238585
402 0.0218560471032911 0.0250654554147741
403 0.022126118812524 0.025375185273727
404 0.022396190521757 0.0256849151326799
405 0.0227486011667317 0.0260890748266794
406 0.0231010118117064 0.0264932345206789
407 0.0234435417843921 0.0268860626344729
408 0.0237860717570778 0.0272788907482668
409 0.0241154275000448 0.0276566100884533
410 0.0244447832430118 0.0280343294286397
411 0.0248400101345722 0.0284875926368635
412 0.0252352370261327 0.0289408558450873
413 0.0256041154582557 0.0293639015060961
414 0.0259729938903788 0.029786947167105
415 0.0261969557955963 0.0300437963184318
416 0.0264209177008139 0.0303006454697585
417 0.0266975765249062 0.0306179297155152
418 0.0269742353489985 0.0309352139612718
419 0.0272047843690754 0.0311996174994024
420 0.0274353333891523 0.0314640210375329
421 0.0276922308686666 0.0317586421228783
422 0.0279491283481809 0.0320532632082238
423 0.0282356678445622 0.032381879034186
424 0.0285222073409435 0.0327104948601482
425 0.0287527563610204 0.0329748983982788
426 0.0289833053810973 0.0332393019364093
427 0.0293521838132203 0.0336623475974181
428 0.0297210622453434 0.034085393258427
429 0.0300010146268654 0.0344064546975855
430 0.0302809670083873 0.034727516136744
431 0.0304621126670192 0.0349352617738465
432 0.030643258325651 0.0351430074109491
433 0.0309396784943214 0.0354829548171169
434 0.0312360986629917 0.0358229022232847
435 0.0313513731730301 0.03595510399235
436 0.0314666476830686 0.0360873057614153
437 0.031581922193107 0.0362195075304805
438 0.0316971967031455 0.0363517092995458
439 0.0317828291963169 0.0364499163279943
440 0.0318684616894883 0.0365481233564428
441 0.0318487003449103 0.0365254601960316
442 0.0318289390003323 0.0365027970356204
443 0.0316642611288488 0.0363139373655271
444 0.0314995832573653 0.0361250776954339
445 0.0312492728927103 0.0358380109968922
446 0.0309989625280554 0.0355509442983505
447 0.0308112297545642 0.0353356442744442
448 0.030623496981073 0.0351203442505379
449 0.0303731866164181 0.0348332775519962
450 0.0301228762517632 0.0345462108534545
451 0.0298264560830928 0.0342062634472866
452 0.0295300359144225 0.0338663160411188
453 0.029365358042939 0.0336774563710256
454 0.0292006801714555 0.0334885967009323
455 0.0289174342325039 0.033163758068372
456 0.0286341882935522 0.0328389194358116
457 0.0284332812903424 0.0326085106382979
458 0.0282323742871325 0.0323781018407841
459 0.0280182930542039 0.0321325842696629
460 0.0278042118212754 0.0318870666985417
461 0.0275670756863391 0.0316151087736075
462 0.0273299395514029 0.0313431508486732
463 0.0270730420718886 0.0310485297633278
464 0.0268161445923743 0.0307539086779823
465 0.0266086504743051 0.0305159454936648
466 0.0264011563562359 0.0302779823093474
467 0.0261212039747139 0.0299569208701889
468 0.025841251593192 0.0296358594310304
469 0.0255975283433964 0.0293563471192924
470 0.0253538050936008 0.0290768348075544
471 0.0250178622357744 0.0286915610805642
472 0.0246819193779481 0.028306287353574
473 0.0243459765201217 0.0279210136265838
474 0.0240100336622954 0.0275357398995936
475 0.0236773843618987 0.0271542433660053
476 0.023344735061502 0.0267727468324169
477 0.0232261669940339 0.0266367678699498
478 0.0231075989265657 0.0265007889074827
479 0.0228671692341998 0.0262250537891465
480 0.0226267395418339 0.0259493186708104
481 0.0223303193731636 0.0256093712646426
482 0.0220338992044933 0.0252694238584748
483 0.0219416795964625 0.0251636624432226
484 0.0218494599884318 0.0250579010279704
485 0.0217407725932526 0.0249332536457088
486 0.0216320851980735 0.0248086062634473
487 0.0215003429008867 0.0246575185273727
488 0.0213686006036999 0.0245064307912981
489 0.0211545193707714 0.0242609132201769
490 0.0209404381378428 0.0240153956490557
491 0.0207625860366406 0.023811427205355
492 0.0205847339354384 0.0236074587616543
493 0.0203014879964868 0.023282620129094
494 0.0200182420575351 0.0229577814965336
495 0.0197811059225989 0.0226858235715993
496 0.0195439697876626 0.0224138656466651
497 0.0190696975177901 0.0218699497967966
498 0.0185954252479176 0.021326033946928
499 0.0182232532583649 0.0208992110925173
500 0.0178510812688122 0.0204723882381066
501 0.0175381933129935 0.0201135548649295
502 0.0172253053571749 0.0197547214917523
503 0.0168201977933254 0.019290126703323
504 0.016415090229476 0.0188255319148936
505 0.0159737535339002 0.0183193879990437
506 0.0155324168383244 0.0178132440831939
507 0.0150416767813036 0.017250442266316
508 0.0145509367242827 0.0166876404494382
509 0.014198526079308 0.0162834807554387
510 0.0138461154343333 0.0158793210614392
511 0.0135233468062256 0.0155091561080564
512 0.0132005781781179 0.0151389911546737
513 0.0128251126311355 0.0147083911068611
514 0.0124496470841532 0.0142777910590485
515 0.0121828689323499 0.0139718383934975
516 0.0119160907805466 0.0136658857279465
517 0.0116295512841653 0.0133372699019842
518 0.011343011787784 0.013008654076022
519 0.0111124627677071 0.0127442505378915
520 0.0108819137476302 0.0124798469997609
521 0.0105690257918115 0.0121210136265838
522 0.0102561378359928 0.0117621802534066
523 0.010114514866517 0.0115997609371265
524 0.0099728918970412 0.0114373416208463
525 0.00980492046812803 0.0112447047573512
526 0.00963694903921485 0.0110520678938561
527 0.00945250982315332 0.0108405450633517
528 0.00926807060709179 0.0106290222328472
529 0.00903093447215554 0.010357064307913
530 0.00879379833721929 0.0100851063829787
531 0.00868511094204018 0.00996045900071719
532 0.00857642354686106 0.00983581161845566
533 0.00838869077336986 0.00962051159454937
534 0.00820095799987866 0.00940521157064308
535 0.00802969301353582 0.00920879751374612
536 0.00785842802719297 0.00901238345684915
537 0.00774974063201385 0.00888773607458762
538 0.00764105323683474 0.00876308869232608
539 0.00755871430109298 0.00866865885727947
540 0.00747637536535123 0.00857422902223285
541 0.00731828460872706 0.00839292373894334
542 0.0071601938521029 0.00821161845565384
543 0.00704162578463477 0.00807563949318671
544 0.00692305771716665 0.00793966053071958
545 0.0067517927308238 0.00774324647382262
546 0.00658052774448095 0.00754683241692565
547 0.00644549188986448 0.0073919674874492
548 0.006310456035248 0.00723710255797275
549 0.00619847508263922 0.00710867798230935
550 0.00608649413003043 0.00698025340664595
551 0.00583947732280517 0.0066969639015061
552 0.00559246051557991 0.00641367439636625
553 0.0054936537926898 0.0063003585943103
554 0.0053948470697997 0.00618704279225436
555 0.00521370141116784 0.00597929715515181
556 0.00503255575253598 0.00577155151804925
557 0.0048876392256305 0.0056053550083672
558 0.00474272269872501 0.00543915849868516
559 0.00467355799270194 0.005359837437246
560 0.00460439328667886 0.00528051637580684
561 0.00444300897262503 0.00509543389911547
562 0.00428162465857119 0.0049103514224241
563 0.00414329524652504 0.00475170929954578
564 0.0040049658344789 0.00459306717666746
565 0.00401484650676791 0.00460439875687306
566 0.00402472717905692 0.00461573033707865
567 0.0039160397838778 0.00449108295481712
568 0.00380735238869869 0.00436643557255558
569 0.0036953714360899 0.00423801099689218
570 0.00358339048348112 0.00410958642122878
571 0.00356033558147343 0.00408314606741573
572 0.00353728067946574 0.00405670571360268
573 0.00351093222002838 0.00402648816638776
574 0.00348458376059102 0.00399627061917284
575 0.00352081289231739 0.00403781974659335
576 0.00355704202404376 0.00407936887401387
577 0.00354057423689541 0.00406048290700454
578 0.00352410644974706 0.00404159693999522
579 0.00356692269633277 0.00409070045421946
580 0.00360973894291848 0.0041398039684437
581 0.00368219720637122 0.00422290222328473
582 0.00375465546982397 0.00430600047812575
583 0.00360315182805914 0.00413224958163997
584 0.00345164818629431 0.0039584986851542
585 0.00345494174372398 0.00396227587855606
586 0.00345823530115365 0.00396605307195793
587 0.00344835462886464 0.00395472149175233
588 0.00343847395657563 0.00394338991154674
589 0.00350434510516904 0.00401893377958403
590 0.00357021625376244 0.00409447764762132
591 0.0034417675140053 0.0039471671049486
592 0.00331331877424817 0.00379985656227588
593 0.00336601569312289 0.00386029165670571
594 0.00341871261199761 0.00392072675113555
595 0.00335942857826355 0.00385273726990199
596 0.00330014454452949 0.00378474778866842
597 0.00328367675738114 0.0037658618216591
598 0.00326720897023279 0.00374697585464977
599 0.00323756695336575 0.00371298111403299
600 0.00320792493649872 0.00367898637341621
601 0.00314534734533499 0.00360721969878078
602 0.00308276975417126 0.00353545302414535
603 0.00312558600075697 0.00358455653836959
604 0.00316840224734268 0.00363366005259383
605 0.003155228017624 0.00361855127898637
606 0.00314205378790532 0.00360344250537892
607 0.00323756695336575 0.00371298111403299
608 0.00333308011882619 0.00382251972268707
609 0.00339565770998992 0.0038942863973225
610 0.00345823530115365 0.00396605307195793
611 0.0034977579903097 0.0040113793927803
612 0.00353728067946574 0.00405670571360268
613 0.00355374846661409 0.004075591680612
614 0.00357021625376244 0.00409447764762132
615 0.00368878432123056 0.00423045661008845
616 0.00380735238869869 0.00436643557255558
617 0.00392921401359648 0.00450619172842458
618 0.00405107563849428 0.00464594788429357
619 0.00404778208106461 0.00464217069089171
620 0.00404448852363494 0.00463839349748984
621 0.00408071765536131 0.00467994262491035
622 0.00411694678708768 0.00472149175233086
623 0.00417293726339208 0.00478570404016256
624 0.00422892773969647 0.00484991632799426
625 0.00428821177343053 0.00491790580922783
626 0.00434749580716459 0.00498589529046139
627 0.00433432157744591 0.00497078651685393
628 0.00432114734772723 0.00495567774324648
629 0.00446606387463272 0.00512187425292852
630 0.00461098040153821 0.00528807076261057
631 0.00468014510756128 0.00536739182404973
632 0.00474930981358435 0.00544671288548888
633 0.00471637423928765 0.00540894095147024
634 0.00468343866499095 0.00537116901745159
635 0.00476907115816237 0.00546937604590007
636 0.0048547036513338 0.00556758307434856
637 0.00481518096217775 0.00552225675352618
638 0.00477565827302171 0.0054769304327038
639 0.0047657776007327 0.00546559885249821
640 0.00475589692844369 0.00545426727229261
641 0.00474601625615468 0.00544293569208702
642 0.00473613558386567 0.00543160411188143
643 0.00467355799270194 0.005359837437246
644 0.00461098040153821 0.00528807076261057
645 0.00469331933727996 0.00538250059765718
646 0.00477565827302171 0.0054769304327038
647 0.00473942914129534 0.00543538130528329
648 0.00470320000956897 0.00539383217786278
649 0.00471308068185798 0.00540516375806837
650 0.00472296135414699 0.00541649533827397
651 0.00477895183045138 0.00548070762610567
652 0.00483494230675577 0.00554491991393737
653 0.00512477536056675 0.00587731293330146
654 0.00541460841437772 0.00620970595266555
655 0.00566821233646232 0.00650054984460913
656 0.00592181625854692 0.00679139373655271
657 0.00627422690352163 0.00719555343055224
658 0.00662663754849633 0.00759971312455176
659 0.00719642298382927 0.00825316758307435
660 0.00776620841916221 0.00890662204159694
661 0.00825036136132372 0.00946186947167105
662 0.00873451430348523 0.0100171169017452
663 0.00930429973881816 0.0106705713602678
664 0.0098740851741511 0.0113240258187903
665 0.0106283098255456 0.0121890031078174
666 0.01138253447694 0.0130539803968444
667 0.0118271647299455 0.0135639015060961
668 0.012271794982951 0.0140738226153478
669 0.0128251126311355 0.0147083911068611
670 0.0133784302793201 0.0153429595983744
671 0.013569456610241 0.0155620368156825
672 0.0137604829411619 0.0157811140329907
673 0.0136814375628498 0.0156904613913459
674 0.0136023921845377 0.0155998087497012
675 0.0137769507283102 0.0158
676 0.0139515092720827 0.0160001912502988
677 0.0137044924648575 0.015716901745159
678 0.0134574756576322 0.0154336122400191
679 0.0130128454046268 0.0149236911307674
680 0.0125682151516213 0.0144137700215157
681 0.012031365290585 0.0137980874970117
682 0.0114945154295488 0.0131824049725078
683 0.0106810067444203 0.0122494382022472
684 0.00986749805929176 0.0113164714319866
685 0.00909351206331927 0.0104288309825484
686 0.00831952606734679 0.00954119053311021
687 0.00747637536535123 0.00857422902223285
688 0.00663322466335568 0.00760726751135549
689 0.00593169693083593 0.00680272531675831
690 0.00523016919831619 0.00599818312216113
691 0.00467026443527227 0.00535606024384413
692 0.00411035967222834 0.00471393736552713
693 0.00349117087545036 0.00400382500597657
694 0.00287198207867237 0.00329371264642601
695 0.00251627787626799 0.00288577575902462
696 0.00216057367386362 0.00247783887162324
697 0.00189379552206033 0.0021718862060722
698 0.00162701737025705 0.00186593354052116
699 0.00136353277588344 0.00156375806837198
700 0.00110004818150983 0.00126158259622281
701 0.00131975441915653 0.00151355116483245
702 0.00110676978949324 0.00126929122552927
703 0.00092223581193973 0.00105765971846768
704 0.000763567059255898 0.000875691564422319
705 0.000628163794782596 0.000720405273510211
706 0.000513474799481092 0.000588874997943491
707 0.000417047845312795 0.000478288417073432
708 0.000336568250161359 0.000385990953834362
709 0.000269886352083495 0.000309517283396878
710 0.000215035031524518 0.000246611428398721
711 0.000170238594849075 0.000195236946960127
712 0.000133914421737103 0.000153578821988408
713 0.000104668786704983 0.000120038669118589
714 8.12882071216471e-05 9.32248142459282e-05
715 6.27275629911994e-05 7.19386687813546e-05
716 4.80960932393613e-05 5.5158669590097e-05
717 3.66422135761815e-05 4.20228674632618e-05
718 2.77379344813685e-05 3.18110569928253e-05
719 2.08634943970035e-05 2.39271532557109e-05
720 1.55926703140657e-05 1.78823453622423e-05
721 1.15790907744824e-05 1.32793996178617e-05
722 8.54375795156962e-06 9.79834930797905e-06
723 6.26388720823471e-06 7.18369542301813e-06
724 4.56309422798561e-06 5.23315283795135e-06
725 3.30290026996232e-06 3.78790817319018e-06
726 2.37548339657993e-06 2.72430659048792e-06
727 1.69757532267842e-06 1.94685243688963e-06
728 1.2053873314468e-06 1.38239006674558e-06
729 8.50442014312158e-07 9.75323501630914e-07
730 5.96188105878757e-07 6.83734177369721e-07
731 4.15281345360428e-07 4.76262518904976e-07
732 2.87423354358764e-07 3.29629472328487e-07
733 1.97661551283723e-07 2.26686773573579e-07
734 1.35065011766242e-07 1.54898368150611e-07
735 9.17031042715778e-08 1.05169066512924e-07
736 6.18651014274015e-08 7.09495607431002e-08
737 4.14694176368153e-08 4.75589128235233e-08
738 2.76204442209804e-08 3.1676314105902e-08
739 1.82790616227408e-08 2.0963214526552e-08
740 1.20198113121609e-08 1.37848368973179e-08
741 7.85347595936865e-09 9.00670421235106e-09
742 5.09855023239351e-09 5.84723682768793e-09
743 3.28891009297152e-09 3.77186363613595e-09
744 2.10803499410479e-09 2.41758525262149e-09
745 1.34253045329241e-09 1.53967170096875e-09
746 8.49554003607826e-10 9.74305092738762e-10
747 5.34168595020211e-10 6.12607533245821e-10
748 3.33723067604568e-10 3.82727976032973e-10
749 2.07164157450147e-10 2.3758477127934e-10
750 1.2778018847158e-10 1.46543819286679e-10
751 7.83128349813503e-11 8.98125294273371e-11
752 4.7689512507314e-11 5.46923853089789e-11
753 2.88558143567098e-11 3.30930897429387e-11
754 1.73485947719648e-11 1.98961150985159e-11
755 1.03637227402035e-11 1.18855632515787e-11
756 6.15159569116746e-12 7.05491467866831e-12
757 3.62810876141348e-12 4.16087126685717e-12
758 2.12614718854831e-12 2.43835709668561e-12
759 1.2380177479467e-12 1.41981203267009e-12
760 7.16276874988927e-13 8.21457145924853e-13
761 4.11770760985894e-13 4.72236429662771e-13
762 2.35207190903067e-13 2.69745728902978e-13
763 1.33495369136769e-13 1.53098234432e-13
764 7.52839367837695e-14 8.63388586227057e-14
765 4.21850878084633e-14 4.83796741759467e-14
766 2.34874629927715e-14 2.69364333664352e-14
767 1.29937281250452e-14 1.49017666118122e-14
768 7.14252809866299e-15 8.19135860934569e-15
769 3.90113208463489e-15 4.47398616375768e-15
770 2.11714141391235e-15 2.42802888676063e-15
771 1.14164110055921e-15 1.30928314578127e-15
772 6.11687828427752e-16 7.0150992623488e-16
773 3.25649636286374e-16 3.73469017549125e-16
774 1.7226294648869e-16 1.97558560540423e-16
775 9.05427457666279e-17 1.03838317442265e-16
776 4.72863688089329e-17 5.42300427659856e-17
777 2.45379786945894e-17 2.81412099832678e-17
778 1.26520855615054e-17 1.45099562170173e-17
779 6.48195438883728e-18 7.43378425047111e-18
780 3.29966869542491e-18 3.78420206443666e-18
781 1.66899569970522e-18 1.91407609531146e-18
782 8.38804234324318e-19 9.61976794697426e-19
783 4.18877011036841e-19 4.80386183045733e-19
784 2.07841827787613e-19 2.38361952786562e-19
785 1.02470745397897e-19 1.17517860752729e-19
786 5.01981085192714e-20 5.75693511754155e-20
787 2.44340425666792e-20 2.80220115587858e-20
788 1.18174511158731e-20 1.35527615154428e-20
789 5.67901241540678e-21 6.51293583993477e-21
790 2.71170434576986e-21 3.10989924462181e-21
791 1.28656689246923e-21 1.47549028096924e-21
792 6.06516920183109e-22 6.95579706124746e-22
793 2.84101800407305e-22 3.25820171310577e-22
794 1.32228650666147e-22 1.51645507175402e-22
795 6.11501690150302e-23 7.01296454847654e-23
796 2.80989617166316e-23 3.22250985633911e-23
797 1.28293129390964e-23 1.47132082007951e-23
798 5.82018836343493e-24 6.67484249278077e-24
799 2.62356118578727e-24 3.00881287542523e-24
800 1.17507576465052e-24 1.3476274574552e-24
