wl	aw	bbw	aphy	adg	bbp
400	0.00663	0.0038	0.197185683	0.389933423	0.122518379
402	0.006249355	0.003722581	0.203352256	0.378409149	0.122206835
404	0.005870588	0.003645588	0.209519152	0.367225469	0.121897624
406	0.005494118	0.003569118	0.215686443	0.356372316	0.121590717
408	0.005113636	0.003490909	0.2218533	0.345839922	0.121286084
410	0.004764118	0.003413529	0.22796501	0.335618808	0.120983699
412	0.004705294	0.003348824	0.233581704	0.325699773	0.120683534
414	0.004655455	0.003283333	0.239184818	0.31607389	0.120385562
416	0.004619091	0.003216667	0.244767564	0.306732495	0.120089756
418	0.004579118	0.003147059	0.25035016	0.297667179	0.11979609
420	0.004543939	0.00307697	0.255958628	0.288869785	0.119504539
422	0.004622727	0.003016364	0.262059596	0.280332392	0.119215078
424	0.004702941	0.002956471	0.268165765	0.272047318	0.118927682
426	0.004785294	0.002897647	0.274279735	0.264007105	0.118642325
428	0.004869394	0.002837576	0.280396762	0.256204516	0.118358986
430	0.004963529	0.002777353	0.286339287	0.248632528	0.118077639
432	0.005234118	0.002724412	0.288941359	0.241284326	0.117798262
434	0.005507576	0.00267303	0.291507078	0.234153297	0.117520832
436	0.005786364	0.002624545	0.294005286	0.227233021	0.117245326
438	0.006067647	0.002572941	0.296502793	0.22051727	0.116971723
440	0.00635	0.00252	0.299	0.214	0.1167
442	0.006925758	0.002471515	0.296375586	0.207675344	0.116430136
444	0.007499706	0.002423529	0.293751696	0.20153761	0.116162111
446	0.008070294	0.002376471	0.291128777	0.195581274	0.115895903
448	0.008637059	0.002329412	0.288511575	0.189800973	0.115631492
450	0.009201765	0.002282353	0.28589745	0.184191507	0.115368859
452	0.009333636	0.002239697	0.283596985	0.178747825	0.115107982
454	0.009445294	0.002197647	0.281313639	0.173465029	0.114848843
456	0.009562941	0.002156471	0.279031718	0.168338362	0.114591423
458	0.009679091	0.002118182	0.276715732	0.163363212	0.114335703
460	0.009794242	0.002081818	0.274377036	0.158535099	0.114081663
462	0.009955455	0.002039697	0.27044048	0.153849679	0.113829287
464	0.010117647	0.001999412	0.266419295	0.149302734	0.113578556
466	0.010276471	0.001964118	0.262396867	0.144890171	0.113329451
468	0.010445882	0.001928824	0.258347297	0.140608019	0.113081957
470	0.010622353	0.001893529	0.254279633	0.136452424	0.112836055
472	0.011021818	0.001862727	0.249562891	0.132419646	0.112591728
474	0.011444412	0.001831176	0.244774156	0.128506054	0.11234896
476	0.011862059	0.001795882	0.239985802	0.124708126	0.112107734
478	0.012283333	0.001763333	0.235265379	0.121022444	0.111868035
480	0.012707576	0.00173303	0.230600537	0.11744569	0.111629846
482	0.013162941	0.001703529	0.227675787	0.113974645	0.111393151
484	0.013622121	0.001673939	0.224944162	0.110606186	0.111157935
486	0.014082727	0.001643636	0.222211663	0.107337279	0.110924182
488	0.014571471	0.001613824	0.219440446	0.104164983	0.110691879
490	0.015083235	0.001584412	0.21663755	0.101086442	0.110461008
492	0.01607697	0.001554242	0.213214585	0.098098886	0.110231557
494	0.017156471	0.001525294	0.209682495	0.095199626	0.11000351
496	0.018238824	0.001501765	0.206151602	0.092386052	0.109776854
498	0.019397647	0.001475294	0.202548233	0.089655632	0.109551574
500	0.020632941	0.001445882	0.198872388	0.087005907	0.109327656
502	0.022819394	0.001425455	0.194347153	0.084434494	0.109105087
504	0.025242647	0.001405588	0.189609517	0.081939078	0.108883854
506	0.027660294	0.001376176	0.184871578	0.079517412	0.108663943
508	0.03004	0.001351818	0.180156433	0.077167317	0.10844534
510	0.032373333	0.001333636	0.175469147	0.074886678	0.108228034
512	0.034181176	0.001311176	0.171069076	0.072673442	0.108012011
514	0.035857879	0.001287576	0.16674079	0.070525618	0.10779726
516	0.037536667	0.001263333	0.162412343	0.068441271	0.107583766
518	0.039140294	0.001242059	0.158120597	0.066418525	0.107371519
520	0.040652059	0.001224412	0.153873706	0.064455561	0.107160506
522	0.041402727	0.001206364	0.149980317	0.062550612	0.106950716
524	0.0419	0.001187647	0.146204647	0.060701962	0.106742136
526	0.0424	0.001164118	0.142427938	0.058907948	0.106534755
528	0.042918182	0.001142727	0.138680693	0.057166955	0.106328562
530	0.043463636	0.001124545	0.134977644	0.055477416	0.106123545
532	0.0442	0.001106765	0.131580031	0.05383781	0.105919693
534	0.045	0.001089118	0.12828423	0.052246663	0.105716996
536	0.0458	0.001071471	0.124988428	0.05070254	0.105515442
538	0.046665758	0.001053636	0.121658661	0.049204054	0.105315021
540	0.047653636	0.001035455	0.118265815	0.047749854	0.105115722
542	0.049222353	0.001021765	0.114568363	0.046338633	0.104917535
544	0.05104	0.00101	0.110740366	0.044969119	0.10472045
546	0.052858182	0.000991818	0.106913272	0.043640081	0.104524456
548	0.054624706	0.000975882	0.103068393	0.042350322	0.104329543
550	0.056295294	0.000964118	0.099190484	0.04109868	0.104135703
552	0.057581212	0.000948182	0.095183388	0.039884031	0.103942923
554	0.05866	0.00093	0.09110673	0.03870528	0.103751196
556	0.059742353	0.000918235	0.087027714	0.037561366	0.103560512
558	0.060850909	0.000904545	0.083053399	0.03645126	0.103370861
560	0.062020606	0.000886364	0.079323388	0.035373962	0.103182234
562	0.063420294	0.000872353	0.076431253	0.034328504	0.102994622
564	0.064943824	0.000860588	0.073990282	0.033313943	0.102808015
566	0.066461765	0.000848824	0.071548966	0.032329367	0.102622405
568	0.068131818	0.00083697	0.069202432	0.03137389	0.102437784
570	0.070259091	0.000824848	0.067140303	0.030446651	0.102254142
572	0.073520588	0.000812941	0.065787572	0.029546817	0.10207147
574	0.077538235	0.000801176	0.064907774	0.028673576	0.101889761
576	0.081561818	0.000789091	0.064028107	0.027826144	0.101709005
578	0.085919706	0.000777059	0.063150954	0.027003757	0.101529195
580	0.091278529	0.000765294	0.062281301	0.026205676	0.101350323
582	0.098696667	0.000753333	0.061433884	0.025431181	0.101172379
584	0.107799697	0.000741212	0.06060466	0.024679576	0.100995357
586	0.1169	0.000729412	0.059771461	0.023950184	0.100819249
588	0.126456364	0.000717576	0.05893458	0.023242349	0.100644045
590	0.137838182	0.000705455	0.058084738	0.022555434	0.10046974
592	0.152562353	0.000696765	0.05720385	0.02188882	0.100296325
594	0.170021176	0.000690882	0.056297561	0.021241908	0.100123793
596	0.187481515	0.000679697	0.055390977	0.020614115	0.099952135
598	0.204408824	0.000667647	0.054627317	0.020004875	0.099781346
600	0.219202941	0.000655882	0.054435562	0.019413642	0.099611417
602	0.2308	0.00064697	0.05510239	0.018839882	0.099442342
604	0.2392	0.000640909	0.056627801	0.01828308	0.099274113
606	0.2476	0.00063	0.058152962	0.017742733	0.099106724
608	0.255719091	0.000619091	0.05970028	0.017218356	0.098940166
610	0.262246364	0.00061303	0.061373401	0.016709477	0.098774435
612	0.266618824	0.000607059	0.063216739	0.016215637	0.098609522
614	0.268836471	0.000601176	0.065230295	0.015736392	0.098445421
616	0.271059394	0.000590303	0.06724318	0.015271312	0.098282125
618	0.273331176	0.000579118	0.069207904	0.014819976	0.098119629
620	0.275872353	0.000573235	0.070900667	0.01438198	0.097957925
622	0.278720588	0.000567353	0.072293366	0.013956928	0.097797006
624	0.281944118	0.000561471	0.073319319	0.013544438	0.097636868
626	0.285163636	0.000550909	0.074343612	0.01314414	0.097477503
628	0.288402424	0.000539394	0.075323248	0.012755672	0.097318905
630	0.291826667	0.000533333	0.075905956	0.012378685	0.097161068
632	0.295438529	0.000527353	0.076091277	0.012012839	0.097003986
634	0.299279706	0.000521471	0.075790903	0.011657806	0.096847653
636	0.303120882	0.000515588	0.07549053	0.011313266	0.096692064
638	0.306998182	0.000509394	0.075210453	0.010978908	0.096537212
640	0.311561818	0.000497273	0.07531602	0.010654433	0.096383091
642	0.31663697	0.000487576	0.075704313	0.010339547	0.096229696
644	0.322479394	0.000481515	0.076516697	0.010033967	0.096077021
646	0.328320882	0.000475588	0.077328807	0.009737418	0.095925061
648	0.334310303	0.000469697	0.078300748	0.009449634	0.095773809
650	0.343116364	0.000463636	0.082311176	0.009170355	0.095623261
652	0.354	0.000457647	0.08856215	0.00889933	0.095473411
654	0.368	0.000451765	0.098173941	0.008636315	0.095324254
656	0.382	0.000445758	0.107784494	0.008381074	0.095175785
658	0.395843235	0.000439706	0.117469436	0.008133375	0.095027997
660	0.406707941	0.000433824	0.128577814	0.007892998	0.094880886
662	0.4158	0.000427879	0.140531447	0.007659724	0.094734448
664	0.4216	0.000421818	0.154054836	0.007433345	0.094588676
666	0.4274	0.000415882	0.16757862	0.007213657	0.094443565
668	0.4332	0.00041	0.181102572	0.007000461	0.094299112
670	0.438763636	0.00041	0.187648203	0.006793566	0.09415531
672	0.4442	0.000407941	0.190438092	0.006592786	0.094012155
674	0.4494	0.000402059	0.186253029	0.00639794	0.093869642
676	0.4546	0.000396061	0.18206639	0.006208852	0.093727767
678	0.4598	0.00039	0.177878903	0.006025353	0.093586524
680	0.467058824	0.000384118	0.168548204	0.005847277	0.093445909
682	0.4752	0.000378182	0.157012709	0.005674463	0.093305918
684	0.4854	0.000372121	0.140332689	0.005506758	0.093166545
686	0.4956	0.00037	0.123652913	0.005344008	0.093027786
688	0.5058	0.00037	0.106973269	0.005186069	0.092889637
690	0.520694118	0.000364118	0.092529235	0.005032798	0.092752094
692	0.5376	0.000358182	0.079041967	0.004884056	0.092615151
694	0.5592	0.000352121	0.067787153	0.00473971	0.092478805
696	0.5808	0.000346176	0.056532088	0.004599631	0.092343051
698	0.6024	0.000340294	0.045276888	0.004463691	0.092207885
700	0.631657576	0.00034	0.03691179	0.004331769	0.092073303
702	0.6646	0.000338235	0.029937964	0.004203746	0.0919393
704	0.7052	0.000332353	0.025855515	0.004079506	0.091805873
706	0.7458	0.000326364	0.021773065	0.003958939	0.091673017
708	0.7864	0.000320303	0.017690615	0.003841934	0.091540728
710	0.843201818	0.00032	0.014625289	0.003728388	0.091409002
712	0.9078	0.000318235	0.012050406	0.003618198	0.091277836
714	0.9886	0.000312353	0.010494982	0.003511264	0.091147226
716	1.0694	0.000306364	0.008939055	0.00340749	0.091017166
718	1.1502	0.000300303	0.007382795	0.003306784	0.090887655
720	1.2329	0.0003	0.006230603	0.003209053	0.090758687
722	1.316334848	0.000298485	0.005235097	0.003114212	0.090630259
724	1.401674242	0.000292424	0.004645847	0.003022173	0.090502367
726	1.48701	0.00029	0.004056597	0.002932854	0.090375008
728	1.572343333	0.00029	0.003467348	0.002846175	0.090248177
730	1.682585294	0.000284412	0.003124024	0.002762058	0.090121872
732	1.802439394	0.000278485	0.002876239	0.002680427	0.089996089
734	1.94719697	0.000272424	0.002876239	0.002601208	0.089870823
736	2.091954545	0.00027	0.002876239	0.002524331	0.089746072
738	2.236712121	0.00027	0.002876239	0.002449726	0.089621832
740	2.328231765	0.000264412	0.002876239	0.002377325	0.0894981
742	2.399203333	0.00026	0.002876239	0.002307065	0.089374872
744	2.416936667	0.00026	0.002876239	0.002238881	0.089252144
746	2.43467	0.000256364	0.002876239	0.002172712	0.089129914
748	2.452403333	0.000250303	0.002876239	0.002108498	0.089008177
750	2.465584118	0.00025	0.002876239	0.002046183	0.088886932
752	2.477008182	0.000248485	0.002876239	0.001985709	0.088766173
754	2.483880909	0.000242424	0.002876239	0.001927022	0.088645899
756	2.490753636	0.00024	0.002876239	0.00187007	0.088526106
758	2.497626364	0.00024	0.002876239	0.001814801	0.088406791
760	2.499154706	0.00024	0.002876239	0.001761166	0.08828795
762	2.498618788	0.000238485	0.002876239	0.001709116	0.08816958
764	2.492733939	0.000232424	0.002876239	0.001658604	0.088051679
766	2.486852727	0.00023	0.002876239	0.001609584	0.087934243
768	2.480973939	0.00023	0.002876239	0.001562014	0.08781727
770	2.467725455	0.000224242	0.002876239	0.00151585	0.087700756
772	2.450934118	0.00022	0.002876239	0.001471049	0.087584697
774	2.426781176	0.00022	0.002876239	0.001427573	0.087469093
776	2.402625455	0.000216364	0.002876239	0.001385382	0.087353938
778	2.378467879	0.000210303	0.002876239	0.001344438	0.087239231
780	2.349715758	0.00021	0.002876239	0.001304704	0.087124968
782	2.318754545	0.00021	0.002876239	0.001266144	0.087011148
784	2.28320303	0.00021	0.002876239	0.001228724	0.086897766
786	2.247647576	0.000206061	0.002876239	0.001192409	0.08678482
788	2.21209	0.0002	0.002876239	0.001157168	0.086672307
790	2.177648824	0.0002	0.002876239	0.001122969	0.086560225
792	2.143683636	0.0002	0.002876239	0.00108978	0.08644857
794	2.110829091	0.0002	0.002876239	0.001057572	0.086337341
796	2.077970606	0.000196061	0.002876239	0.001026316	0.086226534
798	2.04511	0.00019	0.002876239	0.000995984	0.086116147
800	2.012255462	0.000190254	0.002876239	0.000966548	0.086006177
