Normalized VSF (nVSF) from LOV experiment (see Harmel et al. 2016, Opt. Express)
nVSF = VSF / bp
sample = Arizona
wavelength (nm)	measured backscattering coefficient (bp in m-1) 
405	2.7328
443	2.7891
515	2.8639
658	2.9604
"Angle (deg)"	"nVSF.405"	"nVSF.443"	"nVSF.515"	"nVSF.658"
  1	       Inf	       Inf	       Inf	       Inf
  2	       Inf	       Inf	30.3029709	14.1586534
  3	16.8173868	15.1392492	 8.5560442	 7.0118509
  4	 7.6726951	 7.6214277	 5.7684474	 5.7556634
  5	 4.7788202	 4.7937181	 4.0779633	 4.5628937
  6	 3.4612785	 3.4143597	 3.0181043	 3.5695572
  7	 2.6957750	 2.6046084	 2.3472277	 2.7981444
  8	 2.1672188	 2.0848148	 1.8681291	 2.1956504
  9	 1.7963294	 1.7298338	 1.5425354	 1.7473242
 10	 1.5093926	 1.4629350	 1.2940151	 1.4124032
 11	 1.2802428	 1.2444172	 1.0940681	 1.1621096
 12	 1.0952589	 1.0584354	 0.9291503	 0.9728636
 13	 0.9428802	 0.9099763	 0.8015783	 0.8227593
 14	 0.8141642	 0.7825102	 0.6907563	 0.7002050
 15	 0.6999104	 0.6759947	 0.5967152	 0.6000956
 16	 0.6155718	 0.5850789	 0.5178740	 0.5173748
 17	 0.5367424	 0.5094327	 0.4507006	 0.4472564
 18	 0.4622204	 0.4446186	 0.3915708	 0.3890576
 19	 0.4085060	 0.3905764	 0.3414035	 0.3396537
 20	 0.3593077	 0.3432265	 0.3028252	 0.2977949
 21	 0.3172691	 0.3015331	 0.2643840	 0.2625520
 22	 0.2840176	 0.2673316	 0.2385943	 0.2318350
 23	 0.2523702	 0.2371308	 0.2121359	 0.2054087
 24	 0.2247892	 0.2117724	 0.1895515	 0.1823986
 25	 0.2007286	 0.1888603	 0.1695409	 0.1624911
 26	 0.1798738	 0.1696742	 0.1519707	 0.1395955
 27	 0.1618750	 0.1516026	 0.1368527	 0.1307912
 28	 0.1458121	 0.1355858	 0.1235159	 0.1167379
 29	 0.1318378	 0.1223235	 0.1117793	 0.1063701
 30	 0.1192680	 0.1118573	 0.1014416	 0.0964281
 31	 0.1088069	 0.1029875	 0.0926383	 0.0877919
 32	 0.0996099	 0.0945504	 0.0847797	 0.0803099
 33	 0.0912720	 0.0867162	 0.0775960	 0.0733834
 34	 0.0841329	 0.0796861	 0.0711452	 0.0671543
 35	 0.0777017	 0.0731642	 0.0657837	 0.0617886
 36	 0.0723810	 0.0678307	 0.0610365	 0.0569833
 37	 0.0672169	 0.0626669	 0.0564720	 0.0526513
 38	 0.0627847	 0.0583915	 0.0525220	 0.0487534
 39	 0.0586285	 0.0544136	 0.0489962	 0.0454257
 40	 0.0551196	 0.0510433	 0.0459562	 0.0422831
 41	 0.0520651	 0.0479232	 0.0430647	 0.0394471
 42	 0.0490025	 0.0450634	 0.0403769	 0.0370038
 43	 0.0463261	 0.0422269	 0.0378724	 0.0346187
 44	 0.0438548	 0.0397966	 0.0357454	 0.0324451
 45	 0.0415269	 0.0375767	 0.0336986	 0.0304534
 46	 0.0395798	 0.0355020	 0.0317335	 0.0285210
 47	 0.0376136	 0.0336532	 0.0299977	 0.0268059
 48	 0.0358039	 0.0317935	 0.0283449	 0.0252524
 49	 0.0341131	 0.0301742	 0.0267687	 0.0238006
 50	 0.0324743	 0.0284698	 0.0253377	 0.0223490
 51	 0.0308702	 0.0269711	 0.0240012	 0.0211444
 52	 0.0295012	 0.0255101	 0.0227315	 0.0198684
 53	 0.0280696	 0.0241214	 0.0214927	 0.0187631
 54	 0.0266860	 0.0230275	 0.0203857	 0.0176715
 55	 0.0254447	 0.0217734	 0.0193572	 0.0167087
 56	 0.0242665	 0.0206229	 0.0183492	 0.0156983
 57	 0.0231125	 0.0196984	 0.0174285	 0.0148759
 58	 0.0220560	 0.0187000	 0.0164265	 0.0140549
 59	 0.0209955	 0.0177332	 0.0155847	 0.0132606
 60	 0.0199631	 0.0169196	 0.0148306	 0.0125228
 61	 0.0190396	 0.0159736	 0.0140129	 0.0118665
 62	 0.0181376	 0.0151527	 0.0133761	 0.0112203
 63	 0.0172891	 0.0144708	 0.0127140	 0.0105634
 64	 0.0164338	 0.0136286	 0.0120358	 0.0100281
 65	 0.0156471	 0.0130239	 0.0114311	 0.0094973
 66	 0.0148225	 0.0123649	 0.0108351	 0.0090086
 67	 0.0141627	 0.0117538	 0.0102991	 0.0085234
 68	 0.0134973	 0.0111362	 0.0098192	 0.0081116
 69	 0.0128209	 0.0105642	 0.0093210	 0.0076970
 70	 0.0121793	 0.0100084	 0.0088154	 0.0073186
 71	 0.0115922	 0.0095509	 0.0084070	 0.0069647
 72	 0.0110483	 0.0090527	 0.0080024	 0.0066049
 73	 0.0105382	 0.0085730	 0.0076090	 0.0062703
 74	 0.0100387	 0.0081386	 0.0072611	 0.0059690
 75	 0.0095444	 0.0077691	 0.0068927	 0.0056568
 76	 0.0091099	 0.0073900	 0.0065567	 0.0054007
 77	 0.0086857	 0.0070162	 0.0062791	 0.0051539
 78	 0.0082622	 0.0067014	 0.0059752	 0.0048885
 79	 0.0078755	 0.0063848	 0.0056972	 0.0046815
 80	 0.0075230	 0.0060916	 0.0054505	 0.0044639
 81	 0.0071625	 0.0058085	 0.0051937	 0.0042555
 82	 0.0068639	 0.0055474	 0.0049686	 0.0040672
 83	 0.0065779	 0.0052800	 0.0047486	 0.0038931
 84	 0.0063065	 0.0050736	 0.0045610	 0.0037164
 85	 0.0060125	 0.0048257	 0.0043652	 0.0035592
 86	 0.0057678	 0.0046217	 0.0041813	 0.0034140
 87	 0.0055294	 0.0044143	 0.0040049	 0.0032619
 88	 0.0053223	 0.0042414	 0.0038385	 0.0031310
 89	 0.0051030	 0.0040551	 0.0036987	 0.0030069
 90	 0.0049140	 0.0038873	 0.0035576	 0.0028860
 91	 0.0047284	 0.0037350	 0.0034278	 0.0027709
 92	 0.0045480	 0.0035977	 0.0032854	 0.0026781
 93	 0.0043827	 0.0034541	 0.0031757	 0.0025838
 94	 0.0042292	 0.0033407	 0.0030458	 0.0024745
 95	 0.0040678	 0.0032240	 0.0029473	 0.0023923
 96	 0.0039425	 0.0030846	 0.0028397	 0.0023117
 97	 0.0037936	 0.0029876	 0.0027427	 0.0022301
 98	 0.0036825	 0.0028835	 0.0026478	 0.0021597
 99	 0.0035528	 0.0027656	 0.0025716	 0.0020837
100	 0.0034452	 0.0026806	 0.0024976	 0.0020183
101	 0.0033220	 0.0025889	 0.0024170	 0.0019670
102	 0.0032372	 0.0025053	 0.0023470	 0.0018989
103	 0.0031419	 0.0024309	 0.0022782	 0.0018537
104	 0.0030380	 0.0023552	 0.0022154	 0.0018041
105	 0.0029555	 0.0022894	 0.0021404	 0.0017509
106	 0.0028696	 0.0022212	 0.0020887	 0.0017085
107	 0.0027905	 0.0021690	 0.0020421	 0.0016580
108	 0.0027300	 0.0021133	 0.0019952	 0.0016141
109	 0.0026677	 0.0020551	 0.0019473	 0.0015756
110	 0.0025756	 0.0020182	 0.0018982	 0.0015457
111	 0.0025154	 0.0019669	 0.0018531	 0.0015124
112	 0.0024596	 0.0019261	 0.0018065	 0.0014772
113	 0.0024088	 0.0018761	 0.0017726	 0.0014458
114	 0.0023536	 0.0018399	 0.0017445	 0.0014225
115	 0.0023098	 0.0017948	 0.0017072	 0.0013955
116	 0.0022602	 0.0017655	 0.0016762	 0.0013654
117	 0.0022125	 0.0017329	 0.0016404	 0.0013458
118	 0.0021716	 0.0017045	 0.0016128	 0.0013194
119	 0.0021466	 0.0016706	 0.0015883	 0.0013013
120	 0.0021125	 0.0016500	 0.0015630	 0.0012830
121	 0.0020756	 0.0016184	 0.0015442	 0.0012610
122	 0.0020360	 0.0015944	 0.0015136	 0.0012495
123	 0.0020079	 0.0015767	 0.0014957	 0.0012308
124	 0.0019813	 0.0015597	 0.0014778	 0.0012132
125	 0.0019616	 0.0015461	 0.0014603	 0.0012041
126	 0.0019312	 0.0015190	 0.0014427	 0.0011905
127	 0.0019111	 0.0014997	 0.0014303	 0.0011773
128	 0.0018832	 0.0014817	 0.0014171	 0.0011687
129	 0.0018607	 0.0014746	 0.0014074	 0.0011575
130	 0.0018420	 0.0014693	 0.0013934	 0.0011515
131	 0.0018253	 0.0014540	 0.0013814	 0.0011392
132	 0.0018080	 0.0014414	 0.0013738	 0.0011383
133	 0.0017809	 0.0014312	 0.0013620	 0.0011304
134	 0.0017661	 0.0014255	 0.0013509	 0.0011238
135	 0.0017479	 0.0014175	 0.0013426	 0.0011186
136	 0.0017327	 0.0014115	 0.0013420	 0.0011143
137	 0.0017173	 0.0014098	 0.0013330	 0.0011083
138	 0.0016973	 0.0014040	 0.0013248	 0.0011096
139	 0.0016806	 0.0013993	 0.0013131	 0.0011062
140	 0.0016676	 0.0013926	 0.0013043	 0.0011063
141	 0.0016571	 0.0013938	 0.0013009	 0.0011095
142	 0.0016520	 0.0014025	 0.0013004	 0.0011130
143	 0.0016449	 0.0014085	 0.0013020	 0.0011152
144	 0.0016436	 0.0014076	 0.0013013	 0.0011227
145	 0.0016397	 0.0014052	 0.0013014	 0.0011280
146	 0.0016447	 0.0014128	 0.0013025	 0.0011307
147	 0.0016465	 0.0014280	 0.0013059	 0.0011385
148	 0.0016487	 0.0014404	 0.0013134	 0.0011485
149	 0.0016573	 0.0014587	 0.0013212	 0.0011619
150	 0.0016819	 0.0014790	 0.0013389	 0.0011803
151	 0.0017005	 0.0014954	 0.0013518	 0.0012066
152	 0.0017184	 0.0015183	 0.0013675	 0.0012279
153	 0.0017370	 0.0015394	 0.0013873	 0.0012496
154	 0.0017580	 0.0015804	 0.0014044	 0.0012585
155	 0.0017849	 0.0016128	 0.0014304	 0.0012767
156	 0.0018213	 0.0016414	 0.0014639	 0.0013016
157	 0.0018663	 0.0016824	 0.0015092	 0.0013337
158	 0.0019152	 0.0017345	 0.0015636	 0.0013803
159	 0.0019718	 0.0017880	 0.0016090	 0.0014349
160	 0.0020307	 0.0018643	 0.0016659	 0.0014965
161	 0.0020898	 0.0019606	 0.0017350	 0.0015503
162	 0.0021740	 0.0020560	 0.0018148	 0.0016148
163	 0.0022724	 0.0021770	 0.0019088	 0.0017007
164	 0.0024018	 0.0022950	 0.0020132	 0.0017666
165	 0.0025369	 0.0024816	 0.0021380	 0.0018894
166	 0.0027117	 0.0026650	 0.0022882	 0.0020183
167	 0.0028011	 0.0027682	 0.0024796	 0.0021986
168	 0.0032895	 0.0031895	 0.0027257	 0.0024370
169	 0.0033895	 0.0032508	 0.0030163	 0.0027129
170	 0.0040231	 0.0038849	 0.0034514	 0.0031089
171	 0.0047964	 0.0045160	 0.0041499	 0.0037908
172	 0.0060709	 0.0056279	 0.0053272	 0.0050509
173	 0.0085532	 0.0075229	 0.0075121	 0.0072259
174	 0.0134186	 0.0111019	 0.0112989	 0.0107966
175	 0.0207991	 0.0070970	 0.0189792	 0.0172922
