Normalized VSF (nVSF) from LOV experiment (see Harmel et al. 2016, Opt. Express)
nVSF = VSF / bp
sample = Beads_300nm
wavelength (nm)	measured backscattering coefficient (bp in m-1) 
405	3.75060
443	2.94420
515	1.94771
658	0.97841
"Angle (deg)"	"nVSF.405"	"nVSF.443"	"nVSF.515"	"nVSF.658"
  1.5	      Inf	      Inf	      Inf	1.1244915
  3.0	1.5786038	0.8804284	0.7938792	0.4706790
  4.5	0.9145672	0.6621415	0.5786242	0.4783203
  6.0	0.8532011	0.6675795	0.5585041	0.4630720
  7.5	0.8349675	0.6807176	0.5747551	0.4585285
  9.0	0.8110658	0.6815483	0.5571546	0.4633264
 10.5	0.7906689	0.6770926	0.5451132	0.4517554
 12.0	0.7674864	0.6672148	0.5372188	0.4328331
 13.5	0.7431021	0.6493051	0.5255002	0.4202909
 15.0	0.7157439	0.6304985	0.5114319	0.4079250
 16.5	0.6876914	0.6096647	0.4959455	0.3939623
 18.0	0.6580891	0.5877760	0.4788233	0.3812377
 19.5	0.6245804	0.5636765	0.4611884	0.4084188
 21.0	0.5961483	0.5400319	0.4398341	0.3940936
 22.5	0.5618575	0.5156168	0.4253333	0.4216636
 24.0	0.5321717	0.4910560	0.4046159	0.3730236
 25.5	0.4999500	0.4663762	0.3900783	0.3560442
 27.0	0.4680469	0.4410559	0.3694536	0.3014075
 28.5	0.4361697	0.4158727	0.3517703	0.2933563
 30.0	0.4047501	0.3906806	0.3343183	0.2808540
 31.5	0.3730842	0.3667596	0.3213800	0.2699365
 33.0	0.3476822	0.3433842	0.3056523	0.2592037
 34.5	0.3152298	0.3192163	0.2891987	0.2484555
 36.0	0.2932909	0.2977870	0.2751036	0.2391757
 37.5	0.2696463	0.2768611	0.2604960	0.2295098
 39.0	0.2494444	0.2565401	0.2464059	0.2202914
 40.5	0.2288560	0.2380084	0.2334799	0.2118584
 42.0	0.2090619	0.2199837	0.2202770	0.2033885
 43.5	0.1898479	0.2023583	0.2073819	0.1946892
 45.0	0.1720019	0.1850208	0.1951825	0.1860820
 46.5	0.1552265	0.1705323	0.1830237	0.1773893
 48.0	0.1394427	0.1546389	0.1712020	0.1689461
 49.5	0.1246291	0.1393206	0.1596853	0.1606644
 51.0	0.1108988	0.1261250	0.1485570	0.1524465
 52.5	0.0982254	0.1164546	0.1378775	0.1444448
 54.0	0.0866368	0.1049018	0.1276892	0.1366423
 55.5	0.0761148	0.0941919	0.1180050	0.1291280
 57.0	0.0665702	0.0842908	0.1088140	0.1219471
 58.5	0.0580819	0.0752225	0.1001080	0.1150950
 60.0	0.0504863	0.0669269	0.0919876	0.1085559
 61.5	0.0437503	0.0593392	0.0843404	0.1023232
 63.0	0.0378260	0.0524805	0.0771689	0.0963681
 64.5	0.0326535	0.0462848	0.0704761	0.0907083
 66.0	0.0281731	0.0407253	0.0642406	0.0853401
 67.5	0.0242945	0.0357397	0.0584189	0.0802555
 69.0	0.0209876	0.0312819	0.0530501	0.0754406
 70.5	0.0181652	0.0273520	0.0480789	0.0709254
 72.0	0.0158315	0.0238790	0.0434941	0.0666414
 73.5	0.0138456	0.0208242	0.0392431	0.0625760
 75.0	0.0122379	0.0181468	0.0353351	0.0587508
 76.5	0.0109269	0.0158203	0.0317783	0.0551350
 78.0	0.0098510	0.0138212	0.0285359	0.0517374
 79.5	0.0089924	0.0120851	0.0255604	0.0485772
 81.0	0.0083395	0.0106063	0.0228263	0.0455552
 82.5	0.0078468	0.0093523	0.0203778	0.0427482
 84.0	0.0074700	0.0083086	0.0181522	0.0401048
 85.5	0.0072016	0.0074271	0.0161384	0.0376317
 87.0	0.0070128	0.0067050	0.0143461	0.0353146
 88.5	0.0068815	0.0061152	0.0127322	0.0331347
 90.0	0.0067903	0.0056430	0.0112619	0.0311117
 91.5	0.0067572	0.0052709	0.0099761	0.0292060
 93.0	0.0067447	0.0049894	0.0088313	0.0274252
 94.5	0.0067417	0.0047751	0.0078079	0.0257682
 96.0	0.0067512	0.0046292	0.0069121	0.0241914
 97.5	0.0067621	0.0045319	0.0061434	0.0227305
 99.0	0.0067708	0.0044860	0.0054706	0.0213618
100.5	0.0067765	0.0044788	0.0048869	0.0200916
102.0	0.0067715	0.0044952	0.0043931	0.0189122
103.5	0.0067548	0.0045421	0.0039838	0.0178075
105.0	0.0067220	0.0046107	0.0036318	0.0167568
106.5	0.0066798	0.0046972	0.0033509	0.0157897
108.0	0.0066239	0.0047952	0.0031341	0.0148791
109.5	0.0065551	0.0049045	0.0029622	0.0140350
111.0	0.0064724	0.0050236	0.0028459	0.0132423
112.5	0.0063770	0.0051526	0.0027724	0.0125216
114.0	0.0062799	0.0052827	0.0027417	0.0118340
115.5	0.0061609	0.0054077	0.0027503	0.0111954
117.0	0.0060350	0.0055437	0.0027937	0.0105790
118.5	0.0059048	0.0056860	0.0028631	0.0100238
120.0	0.0057750	0.0058183	0.0029607	0.0095065
121.5	0.0056278	0.0059478	0.0030886	0.0090250
123.0	0.0054854	0.0060789	0.0032337	0.0085854
124.5	0.0053382	0.0062140	0.0033979	0.0081698
126.0	0.0051911	0.0063421	0.0035806	0.0077799
127.5	0.0050376	0.0064624	0.0037747	0.0074194
129.0	0.0048907	0.0065844	0.0039828	0.0070815
130.5	0.0047451	0.0067045	0.0042095	0.0067688
132.0	0.0045979	0.0068217	0.0044291	0.0064753
133.5	0.0044497	0.0069241	0.0046524	0.0061995
135.0	0.0043131	0.0070167	0.0048890	0.0059296
136.5	0.0041769	0.0071058	0.0051124	0.0056806
138.0	0.0040443	0.0071857	0.0053092	0.0054283
139.5	0.0039158	0.0072442	0.0055040	0.0051862
141.0	0.0038018	0.0072986	0.0056903	0.0049702
142.5	0.0037195	0.0073837	0.0059082	0.0047822
144.0	0.0036336	0.0074487	0.0061072	0.0046220
145.5	0.0035660	0.0075117	0.0062969	0.0044580
147.0	0.0035071	0.0076028	0.0065044	0.0043207
148.5	0.0034586	0.0076749	0.0066917	0.0042118
150.0	0.0034246	0.0077701	0.0069000	0.0041200
151.5	0.0034132	0.0078515	0.0071130	0.0040712
153.0	0.0034057	0.0079382	0.0073104	0.0040537
154.5	0.0034009	0.0080386	0.0075193	0.0040489
156.0	0.0034057	0.0081329	0.0077499	0.0041191
157.5	0.0034284	0.0082258	0.0079475	0.0042844
159.0	0.0034368	0.0083055	0.0081457	0.0044289
160.5	0.0034452	0.0084016	0.0083059	0.0046196
162.0	0.0034733	0.0084525	0.0084898	0.0048061
163.5	0.0034973	0.0085057	0.0086400	0.0049110
165.0	0.0034932	0.0085056	0.0087406	0.0049659
166.5	0.0034929	0.0084959	0.0087781	0.0048764
168.0	0.0034329	0.0084029	0.0087257	0.0046958
169.5	0.0033548	0.0083496	0.0086799	0.0045839
171.0	0.0036210	0.0085105	0.0087938	0.0047050
172.5	0.0036453	0.0085141	0.0088544	0.0056120
174.0	0.0037011	0.0086951	0.0096839	0.0085182
