Normalized VSF (nVSF) from LOV experiment (see Harmel et al. 2016, Opt. Express)
nVSF = VSF / bp
sample = Beads_3µm
wavelength (nm)	measured backscattering coefficient (bp in m-1) 
405	1.3782
443	1.7255
515	1.6641
658	1.2324
"Angle (deg)"	"nVSF.405"	"nVSF.443"	"nVSF.515"	"nVSF.658"
  1	       Inf	       Inf	        NA	11.5423759
  2	       Inf	       Inf	        NA	 2.6851186
  3	11.0883975	19.6363250	17.5210090	 2.7338152
  4	 3.8738948	10.0576751	 9.4939212	 2.4827001
  5	 1.3243941	 5.2416796	 6.3416125	 1.7535205
  6	 0.9299724	 2.3741226	 4.1119597	 0.9438593
  7	 1.7828528	 1.1316725	 2.4580437	 0.3665576
  8	 2.6931358	 1.0592126	 1.3068240	 0.1872688
  9	 2.8885421	 1.4211267	 0.6417916	 0.4152653
 10	 2.3269652	 1.6624927	 0.2843216	 0.8655953
 11	 1.4707197	 1.5657973	 0.1631526	 1.3480877
 12	 0.8211816	 1.2066731	 0.1683310	 1.6774504
 13	 0.6030376	 0.7730977	 0.2817941	 1.7573422
 14	 0.7261870	 0.4242816	 0.4472643	 1.5934679
 15	 0.8914146	 0.2354889	 0.5816741	 1.2708056
 16	 0.9089356	 0.2087692	 0.6637467	 0.9076735
 17	 0.7264803	 0.2849121	 0.6099543	 0.6143282
 18	 0.4634330	 0.3796745	 0.4625611	 0.4568105
 19	 0.2826801	 0.4202892	 0.3046833	 0.4416412
 20	 0.2330524	 0.3768301	 0.2136036	 0.5281150
 21	 0.2968494	 0.2753606	 0.2078151	 0.6478593
 22	 0.3733699	 0.1731173	 0.2761315	 0.7337334
 23	 0.3768481	 0.1375301	 0.3608978	 0.7441459
 24	 0.2952795	 0.1691924	 0.4019224	 0.6725091
 25	 0.1889829	 0.2167521	 0.3721394	 0.5430206
 26	 0.1325140	 0.2563032	 0.2883023	 0.3980205
 27	 0.1502587	 0.2369577	 0.1958663	 0.2724824
 28	 0.2012427	 0.1728259	 0.1387368	 0.2039263
 29	 0.2233945	 0.1215210	 0.1344309	 0.1962700
 30	 0.1895374	 0.1056353	 0.1674626	 0.2216177
 31	 0.1278916	 0.1233967	 0.2034864	 0.2579244
 32	 0.0880139	 0.1503276	 0.2122579	 0.2845515
 33	 0.0933378	 0.1563334	 0.1844895	 0.2846054
 34	 0.1230113	 0.1334894	 0.1350299	 0.2498224
 35	 0.1375604	 0.0982545	 0.0906391	 0.2003646
 36	 0.1179560	 0.0736610	 0.0713299	 0.1455616
 37	 0.0807646	 0.0709514	 0.0790692	 0.1036709
 38	 0.0575619	 0.0830381	 0.0997679	 0.0839068
 39	 0.0624769	 0.0931595	 0.1139682	 0.0860235
 40	 0.0812015	 0.0894931	 0.1094577	 0.1017880
 41	 0.0883815	 0.0728945	 0.0876465	 0.1192320
 42	 0.0740768	 0.0542546	 0.0608615	 0.1281418
 43	 0.0509395	 0.0444225	 0.0428575	 0.1231619
 44	 0.0383798	 0.0456474	 0.0403168	 0.1055046
 45	 0.0426351	 0.0520404	 0.0494471	 0.0813007
 46	 0.0528811	 0.0551712	 0.0598533	 0.0586494
 47	 0.0547568	 0.0507561	 0.0623148	 0.0439339
 48	 0.0449415	 0.0409406	 0.0542559	 0.0395744
 49	 0.0321496	 0.0315004	 0.0402621	 0.0439382
 50	 0.0264719	 0.0271567	 0.0281427	 0.0521751
 51	 0.0292426	 0.0284563	 0.0234242	 0.0589694
 52	 0.0335155	 0.0321968	 0.0262396	 0.0603653
 53	 0.0327388	 0.0335528	 0.0319607	 0.0552708
 54	 0.0267910	 0.0299940	 0.0350096	 0.0455743
 55	 0.0205991	 0.0230762	 0.0326511	 0.0345868
 56	 0.0181567	 0.0169561	 0.0260842	 0.0258043
 57	 0.0190323	 0.0152371	 0.0190329	 0.0214664
 58	 0.0202870	 0.0180837	 0.0149764	 0.0217623
 59	 0.0195251	 0.0219673	 0.0148816	 0.0250939
 60	 0.0169563	 0.0225860	 0.0172466	 0.0289007
 61	 0.0141872	 0.0184837	 0.0192785	 0.0309583
 62	 0.0121183	 0.0123524	 0.0191172	 0.0301174
 63	 0.0111722	 0.0086230	 0.0167250	 0.0265479
 64	 0.0111855	 0.0097015	 0.0134456	 0.0215193
 65	 0.0116259	 0.0137654	 0.0108910	 0.0167086
 66	 0.0116225	 0.0165102	 0.0098175	 0.0135729
 67	 0.0103723	 0.0149855	 0.0099070	 0.0126385
 68	 0.0081082	 0.0101726	 0.0103013	 0.0135408
 69	 0.0062129	 0.0060374	 0.0103563	 0.0152401
 70	 0.0061713	 0.0057185	 0.0099285	 0.0167150
 71	 0.0076163	 0.0088392	 0.0092347	 0.0171366
 72	 0.0086085	 0.0119062	 0.0084622	 0.0162617
 73	 0.0075746	 0.0117693	 0.0077461	 0.0144735
 74	 0.0051941	 0.0083583	 0.0069817	 0.0123540
 75	 0.0036835	 0.0048277	 0.0062248	 0.0105820
 76	 0.0042998	 0.0040761	 0.0057063	 0.0095143
 77	 0.0060039	 0.0063611	 0.0057393	 0.0091641
 78	 0.0066589	 0.0089300	 0.0062538	 0.0093455
 79	 0.0053742	 0.0090593	 0.0067896	 0.0097180
 80	 0.0035198	 0.0066168	 0.0067576	 0.0100460
 81	 0.0029443	 0.0039141	 0.0059405	 0.0101685
 82	 0.0040149	 0.0033179	 0.0046945	 0.0100951
 83	 0.0052190	 0.0050310	 0.0038047	 0.0098806
 84	 0.0051510	 0.0069382	 0.0038973	 0.0095593
 85	 0.0039700	 0.0069065	 0.0049121	 0.0091414
 86	 0.0030684	 0.0049828	 0.0061041	 0.0086228
 87	 0.0032944	 0.0029813	 0.0065217	 0.0080043
 88	 0.0040159	 0.0027724	 0.0057500	 0.0074443
 89	 0.0041535	 0.0041216	 0.0043284	 0.0071043
 90	 0.0035238	 0.0053623	 0.0032878	 0.0071853
 91	 0.0029771	 0.0049939	 0.0035065	 0.0077445
 92	 0.0031506	 0.0033791	 0.0049317	 0.0086715
 93	 0.0035514	 0.0021517	 0.0066833	 0.0095916
 94	 0.0033682	 0.0024618	 0.0074416	 0.0101602
 95	 0.0025560	 0.0036917	 0.0066252	 0.0100621
 96	 0.0019997	 0.0043786	 0.0048162	 0.0092413
 97	 0.0023771	 0.0037273	 0.0034533	 0.0080187
 98	 0.0031211	 0.0025496	 0.0036035	 0.0069030
 99	 0.0032257	 0.0023324	 0.0053973	 0.0064188
100	 0.0024576	 0.0035098	 0.0078067	 0.0069338
101	 0.0017685	 0.0048622	 0.0091523	 0.0083720
102	 0.0020763	 0.0048932	 0.0085557	 0.0102756
103	 0.0030037	 0.0036036	 0.0064651	 0.0119652
104	 0.0033944	 0.0027062	 0.0044160	 0.0127618
105	 0.0029247	 0.0038031	 0.0039951	 0.0123423
106	 0.0026306	 0.0065582	 0.0056011	 0.0108373
107	 0.0035911	 0.0086615	 0.0082810	 0.0088449
108	 0.0052800	 0.0081262	 0.0102711	 0.0072154
109	 0.0060030	 0.0054543	 0.0104024	 0.0066920
110	 0.0049155	 0.0035284	 0.0088109	 0.0075691
111	 0.0035283	 0.0049256	 0.0068142	 0.0096315
112	 0.0042049	 0.0092357	 0.0060166	 0.0121280
113	 0.0073595	 0.0131102	 0.0070477	 0.0141804
114	 0.0105421	 0.0133277	 0.0091348	 0.0150211
115	 0.0106830	 0.0098827	 0.0107580	 0.0143504
116	 0.0079724	 0.0061592	 0.0108147	 0.0124951
117	 0.0056317	 0.0058328	 0.0094495	 0.0102279
118	 0.0065572	 0.0093186	 0.0079957	 0.0084473
119	 0.0101992	 0.0135461	 0.0078694	 0.0077913
120	 0.0129323	 0.0147958	 0.0095600	 0.0084232
121	 0.0124197	 0.0123630	 0.0120657	 0.0099828
122	 0.0098840	 0.0090416	 0.0136031	 0.0116317
123	 0.0087402	 0.0082670	 0.0128939	 0.0126794
124	 0.0102922	 0.0106530	 0.0101844	 0.0126550
125	 0.0123837	 0.0134558	 0.0072076	 0.0116195
126	 0.0119981	 0.0134041	 0.0059568	 0.0100502
127	 0.0092411	 0.0101325	 0.0072772	 0.0087554
128	 0.0073092	 0.0067005	 0.0101986	 0.0083175
129	 0.0085578	 0.0064466	 0.0127101	 0.0089240
130	 0.0117882	 0.0095894	 0.0129749	 0.0102538
131	 0.0132032	 0.0129844	 0.0107505	 0.0115621
132	 0.0110286	 0.0130995	 0.0075672	 0.0121131
133	 0.0075999	 0.0096634	 0.0054193	 0.0114322
134	 0.0065420	 0.0058069	 0.0055464	 0.0095489
135	 0.0083835	 0.0050393	 0.0073500	 0.0070726
136	 0.0102124	 0.0075943	 0.0090524	 0.0048742
137	 0.0089942	 0.0102926	 0.0090107	 0.0037513
138	 0.0056976	 0.0098577	 0.0070124	 0.0040096
139	 0.0039979	 0.0063960	 0.0043705	 0.0054443
140	 0.0059058	 0.0033663	 0.0029764	 0.0073553
141	 0.0092151	 0.0039301	 0.0038246	 0.0088320
142	 0.0100942	 0.0077316	 0.0062725	 0.0092687
143	 0.0077552	 0.0110399	 0.0083967	 0.0084945
144	 0.0053743	 0.0106174	 0.0087215	 0.0069196
145	 0.0064267	 0.0071367	 0.0071508	 0.0053727
146	 0.0100558	 0.0047376	 0.0051866	 0.0047024
147	 0.0121339	 0.0067351	 0.0048985	 0.0053241
148	 0.0098872	 0.0120891	 0.0071748	 0.0071242
149	 0.0054942	 0.0160035	 0.0109661	 0.0094130
150	 0.0037036	 0.0147183	 0.0139304	 0.0112816
151	 0.0062590	 0.0090375	 0.0139174	 0.0119305
152	 0.0099732	 0.0040908	 0.0107567	 0.0110338
153	 0.0104313	 0.0043146	 0.0064197	 0.0090157
154	 0.0073838	 0.0091029	 0.0036682	 0.0067851
155	 0.0048562	 0.0133618	 0.0043085	 0.0054261
156	 0.0061374	 0.0126865	 0.0076505	 0.0056624
157	 0.0100463	 0.0079701	 0.0111222	 0.0076036
158	 0.0119040	 0.0045444	 0.0121819	 0.0105513
159	 0.0097979	 0.0067319	 0.0101126	 0.0133475
160	 0.0071536	 0.0131385	 0.0067250	 0.0148843
161	 0.0085852	 0.0178080	 0.0050116	 0.0144981
162	 0.0140315	 0.0161321	 0.0069873	 0.0123677
163	 0.0181666	 0.0099859	 0.0119215	 0.0093973
164	 0.0164111	 0.0063465	 0.0168436	 0.0069637
165	 0.0105244	 0.0106078	 0.0184020	 0.0063282
166	 0.0071372	 0.0206536	 0.0154414	 0.0080426
167	 0.0100194	 0.0282056	 0.0100273	 0.0118505
168	 0.0160109	 0.0266405	 0.0064075	 0.0166379
169	 0.0184505	 0.0173367	 0.0083207	 0.0208999
170	 0.0159554	 0.0096283	 0.0163030	 0.0234532
171	 0.0136631	 0.0119702	 0.0278248	 0.0239008
172	 0.0175923	 0.0248894	 0.0388115	 0.0228718
173	 0.0279288	 0.0407565	 0.0466150	 0.0216897
174	 0.0387029	 0.0524554	 0.0525332	 0.0223301
175	 0.0442354	 0.0547753	 0.0622575	 0.0263237
