Normalized VSF (nVSF) from LOV experiment (see Harmel et al. 2016, Opt. Express)
nVSF = VSF / bp
sample = Cylindrotheca
wavelength (nm)	measured backscattering coefficient (bp in m-1) 
405	3.2582
443	3.1834
515	3.3198
658	3.1228
"Angle (deg)"	"nVSF.405"	"nVSF.443"	"nVSF.515"	"nVSF.658"
  1.5	        NA	        NA	        NA	1.8421e+01
  3.0	2.0964e+01	2.3156e+01	1.1059e+01	1.1743e+01
  4.5	7.5469e+00	8.6537e+00	4.8506e+00	7.4798e+00
  6.0	4.5033e+00	5.4285e+00	2.8032e+00	4.1184e+00
  7.5	2.8158e+00	3.4231e+00	1.8369e+00	2.5537e+00
  9.0	1.8264e+00	2.2046e+00	1.1849e+00	1.7414e+00
 10.5	1.2289e+00	1.4888e+00	7.9424e-01	1.2100e+00
 12.0	8.4954e-01	1.0309e+00	5.6021e-01	8.2275e-01
 13.5	6.0121e-01	7.3117e-01	4.0023e-01	5.7142e-01
 15.0	4.3717e-01	5.2551e-01	2.8900e-01	4.1227e-01
 16.5	3.1870e-01	3.8745e-01	2.1819e-01	3.0232e-01
 18.0	2.4364e-01	2.9151e-01	1.6996e-01	2.2482e-01
 19.5	1.8778e-01	2.2328e-01	1.3157e-01	1.6884e-01
 21.0	1.4693e-01	1.7270e-01	1.0351e-01	1.2860e-01
 22.5	1.1608e-01	1.3193e-01	8.3071e-02	1.0131e-01
 24.0	9.2243e-02	1.0839e-01	6.7429e-02	8.1890e-02
 25.5	7.3574e-02	8.6859e-02	5.5238e-02	6.5450e-02
 27.0	5.9813e-02	7.1230e-02	4.5480e-02	5.2810e-02
 28.5	4.8603e-02	5.9808e-02	3.7699e-02	4.3371e-02
 30.0	3.9803e-02	4.8898e-02	3.1684e-02	3.6037e-02
 31.5	3.2777e-02	3.9885e-02	2.6982e-02	3.0368e-02
 33.0	2.7568e-02	3.2963e-02	2.3017e-02	2.5691e-02
 34.5	2.3167e-02	2.7392e-02	1.9518e-02	2.1728e-02
 36.0	1.9724e-02	2.2991e-02	1.6863e-02	1.9163e-02
 37.5	1.6823e-02	1.9434e-02	1.4722e-02	1.5849e-02
 39.0	1.4516e-02	1.6633e-02	1.2901e-02	1.3696e-02
 40.5	1.2769e-02	1.4375e-02	1.1350e-02	1.1904e-02
 42.0	1.1183e-02	1.2720e-02	1.0002e-02	1.0392e-02
 43.5	9.7883e-03	1.0859e-02	8.9079e-03	9.0930e-03
 45.0	8.6931e-03	9.3721e-03	7.9239e-03	7.9735e-03
 46.5	7.8381e-03	8.1866e-03	7.1340e-03	6.9339e-03
 48.0	7.0728e-03	7.1649e-03	6.3948e-03	6.0763e-03
 49.5	6.3157e-03	6.3688e-03	5.6763e-03	5.3665e-03
 51.0	5.7131e-03	5.8553e-03	5.0937e-03	4.7689e-03
 52.5	5.2069e-03	5.0544e-03	4.5792e-03	4.2476e-03
 54.0	4.7539e-03	4.6108e-03	4.1081e-03	3.7635e-03
 55.5	4.3435e-03	3.9035e-03	3.6995e-03	3.3506e-03
 57.0	3.9938e-03	3.4751e-03	3.3196e-03	2.9897e-03
 58.5	3.7192e-03	3.1400e-03	2.9683e-03	2.6891e-03
 60.0	3.4252e-03	2.8509e-03	2.6979e-03	2.4578e-03
 61.5	3.1691e-03	2.5906e-03	2.4681e-03	2.2030e-03
 63.0	2.9542e-03	2.3392e-03	2.2421e-03	1.9893e-03
 64.5	2.7852e-03	2.1422e-03	2.0619e-03	1.8121e-03
 66.0	2.6338e-03	1.9768e-03	1.9107e-03	1.6634e-03
 67.5	2.4558e-03	1.8128e-03	1.7715e-03	1.5235e-03
 69.0	2.3035e-03	1.6812e-03	1.6648e-03	1.4222e-03
 70.5	2.1811e-03	1.5638e-03	1.5644e-03	1.3286e-03
 72.0	2.0806e-03	1.4609e-03	1.4730e-03	1.2430e-03
 73.5	1.9719e-03	1.3491e-03	1.3974e-03	1.1570e-03
 75.0	1.8716e-03	1.2462e-03	1.3205e-03	1.0838e-03
 76.5	1.7950e-03	1.1648e-03	1.2547e-03	1.0064e-03
 78.0	1.7163e-03	1.0999e-03	1.2005e-03	9.4434e-04
 79.5	1.6243e-03	1.0238e-03	1.1490e-03	8.9521e-04
 81.0	1.5546e-03	9.5806e-04	1.0974e-03	8.4797e-04
 82.5	1.5009e-03	9.0362e-04	1.0471e-03	8.0827e-04
 84.0	1.4420e-03	8.5694e-04	1.0113e-03	7.6962e-04
 85.5	1.3819e-03	8.1061e-04	9.7945e-04	7.3460e-04
 87.0	1.3357e-03	7.6474e-04	9.4436e-04	7.0387e-04
 88.5	1.2861e-03	7.2981e-04	9.1576e-04	6.7316e-04
 90.0	1.2395e-03	6.9856e-04	8.8305e-04	6.4971e-04
 91.5	1.1952e-03	6.6244e-04	8.6111e-04	6.2458e-04
 93.0	1.1665e-03	6.3720e-04	8.4136e-04	6.0669e-04
 94.5	1.1364e-03	6.1473e-04	8.1650e-04	5.8758e-04
 96.0	1.1010e-03	6.0001e-04	7.8949e-04	5.6717e-04
 97.5	1.0815e-03	5.8614e-04	7.6694e-04	5.4744e-04
 99.0	1.0518e-03	5.6721e-04	7.5564e-04	5.3368e-04
100.5	1.0211e-03	5.5466e-04	7.4584e-04	5.2127e-04
102.0	9.9808e-04	5.2981e-04	7.2479e-04	5.1271e-04
103.5	9.8649e-04	5.0972e-04	7.0327e-04	5.0426e-04
105.0	9.6571e-04	4.9874e-04	6.8630e-04	4.9283e-04
106.5	9.4757e-04	4.9496e-04	6.7643e-04	4.7962e-04
108.0	9.4323e-04	4.8686e-04	6.7102e-04	4.6856e-04
109.5	9.2454e-04	4.6860e-04	6.5381e-04	4.6112e-04
111.0	9.0368e-04	4.6464e-04	6.4135e-04	4.5945e-04
112.5	9.0002e-04	4.7549e-04	6.3433e-04	4.5937e-04
114.0	9.0431e-04	4.7282e-04	6.3113e-04	4.5593e-04
115.5	8.9394e-04	4.5898e-04	6.2478e-04	4.4978e-04
117.0	8.6462e-04	4.5555e-04	6.1196e-04	4.4267e-04
118.5	8.6485e-04	4.6138e-04	6.0259e-04	4.4002e-04
120.0	8.6875e-04	4.6268e-04	6.0327e-04	4.3781e-04
121.5	8.5877e-04	4.5453e-04	6.0548e-04	4.3524e-04
123.0	8.4131e-04	4.5397e-04	5.9941e-04	4.3597e-04
124.5	8.4948e-04	4.6322e-04	5.8918e-04	4.3238e-04
126.0	8.3952e-04	4.6704e-04	5.8286e-04	4.3174e-04
127.5	8.2087e-04	4.5794e-04	5.8449e-04	4.3349e-04
129.0	8.1486e-04	4.5982e-04	5.9361e-04	4.3502e-04
130.5	8.2291e-04	4.7387e-04	5.9273e-04	4.4167e-04
132.0	8.1520e-04	4.8019e-04	5.8652e-04	4.4570e-04
133.5	7.9597e-04	4.7471e-04	5.8623e-04	4.4975e-04
135.0	8.0116e-04	4.7721e-04	5.9306e-04	4.5443e-04
136.5	7.9887e-04	4.9682e-04	6.0190e-04	4.4627e-04
138.0	7.7903e-04	5.0663e-04	5.9712e-04	4.4698e-04
139.5	7.7675e-04	5.1059e-04	5.9554e-04	4.5472e-04
141.0	7.9170e-04	5.3014e-04	6.0371e-04	4.6071e-04
142.5	7.9218e-04	5.7299e-04	6.1630e-04	4.6625e-04
144.0	7.8969e-04	6.0791e-04	6.2864e-04	4.7506e-04
145.5	8.1625e-04	6.2504e-04	6.3967e-04	4.8335e-04
147.0	8.4987e-04	6.3660e-04	6.5434e-04	5.0050e-04
148.5	8.5046e-04	6.6499e-04	6.8478e-04	5.2754e-04
150.0	8.7782e-04	6.8865e-04	7.1665e-04	5.6364e-04
151.5	9.3291e-04	7.0681e-04	7.5202e-04	6.1503e-04
153.0	9.7616e-04	7.6103e-04	8.0300e-04	6.7340e-04
154.5	1.0133e-03	8.2816e-04	8.5535e-04	7.3895e-04
156.0	1.0974e-03	8.8824e-04	9.3134e-04	8.1891e-04
157.5	1.1992e-03	9.5357e-04	1.0171e-03	9.1387e-04
159.0	1.2987e-03	1.0940e-03	1.1269e-03	1.0116e-03
160.5	1.4415e-03	1.2845e-03	1.2978e-03	1.1764e-03
162.0	1.6834e-03	1.5174e-03	1.5256e-03	1.3773e-03
163.5	1.9686e-03	1.8326e-03	1.8393e-03	1.6355e-03
165.0	2.3317e-03	2.3212e-03	2.2081e-03	2.0416e-03
166.5	2.9538e-03	3.0885e-03	2.7371e-03	2.6651e-03
168.0	3.8288e-03	4.1153e-03	3.4582e-03	3.6030e-03
169.5	5.0251e-03	5.5596e-03	4.5971e-03	4.9295e-03
171.0	7.5933e-03	8.4320e-03	6.7218e-03	7.1895e-03
172.5	1.2631e-02	1.3950e-02	1.0726e-02	1.1829e-02
174.0	2.4723e-02	2.5289e-02	1.9978e-02	2.4621e-02
